0 0.9270833333333334 0.3505859375 0.14322916666666666 0.2744140625
0 0.05338541666666663 0.7841796875 0.10286458333333333 0.0615234375
0 0.16145833333333337 0.7939453125 0.18098958333333334 0.052734375
0 0.44661458333333337 0.791015625 0.21354166666666666 0.0517578125
0 0.23307291666666663 0.732421875 0.17057291666666666 0.048828125
0 0.31510416666666663 0.732421875 0.14192708333333334 0.048828125
0 0.34375 0.7802734375 0.11458333333333333 0.0478515625
0 0.49348958333333337 0.73828125 0.19270833333333334 0.046875
0 0.11197916666666663 0.6787109375 0.11979166666666667 0.03125
6 0.48177083333333337 0.6416015625 0.8294270833333334 0.2392578125
