0 0.5651041666666667 0.0927734375 0.21744791666666666 0.185546875
0 0.9524739583333334 0.07666015625 0.09505208333333333 0.1533203125
0 0.5299479166666667 0.24609375 0.08984375 0.111328125
0 0.69921875 0.2568359375 0.11588541666666667 0.1103515625
0 0.49609375 0.2822265625 0.05859375 0.1044921875
0 0.28125 0.310546875 0.10546875 0.087890625
0 0.6341145833333333 0.5146484375 0.11588541666666667 0.0791015625
0 0.7278645833333333 0.3310546875 0.0859375 0.07421875
0 0.08854166666666663 0.037109375 0.12239583333333333 0.07421875
4 0.6471354166666667 0.6005859375 0.12760416666666666 0.0732421875
4 0.1484375 0.666015625 0.17317708333333334 0.068359375
0 0.6731770833333333 0.3603515625 0.08333333333333333 0.05859375
4 0.08072916666666663 0.4921875 0.10546875 0.0361328125
6 0.09244791666666663 0.833984375 0.10026041666666667 0.0302734375
0 0.16145833333333337 0.560546875 0.10807291666666667 0.0283203125
0 0.02213541666666663 0.7939453125 0.041666666666666664 0.041015625
