0 0.15755208333333337 0.1083984375 0.2604166666666667 0.1435546875
6 0.26692708333333337 0.6748046875 0.2265625 0.111328125
4 0.29557291666666663 0.4951171875 0.3033854166666667 0.1064453125
4 0.5442708333333333 0.548828125 0.08072916666666667 0.08984375
0 0.07942708333333337 0.2353515625 0.15625 0.08203125
4 0.9088541666666666 0.4697265625 0.18229166666666666 0.0732421875
0 0.6315104166666667 0.7646484375 0.125 0.0703125
0 0.62890625 0.7041015625 0.11197916666666667 0.0625
4 0.39453125 0.47265625 0.18098958333333334 0.0546875
0 0.5078125 0.3125 0.12109375 0.046875
0 0.33984375 0.3310546875 0.13671875 0.0458984375
0 0.15234375 0.3544921875 0.13020833333333334 0.044921875
0 0.24869791666666663 0.341796875 0.14583333333333334 0.0419921875
0 0.45182291666666663 0.37890625 0.10416666666666667 0.041015625
0 0.2734375 0.0693359375 0.140625 0.0400390625
0 0.21614583333333337 0.37890625 0.11848958333333333 0.03125
0 0.32421875 0.3779296875 0.12369791666666667 0.04296875
