6 0.5546875 0.7021484375 0.19791666666666666 0.0908203125
0 0.6614583333333333 0.0966796875 0.07291666666666667 0.0771484375
4 0.6223958333333333 0.2236328125 0.16927083333333334 0.0546875
0 0.7161458333333333 0.2099609375 0.059895833333333336 0.0537109375
4 0.2265625 0.3115234375 0.05859375 0.044921875
0 0.9524739583333334 0.10888671875 0.09505208333333333 0.0439453125
4 0.75390625 0.1513671875 0.17317708333333334 0.041015625
0 0.9869791666666666 0.130859375 0.026041666666666668 0.041015625
0 0.90234375 0.1435546875 0.10026041666666667 0.0400390625
4 0.296875 0.3408203125 0.07291666666666667 0.0400390625
4 0.44270833333333337 0.3447265625 0.055989583333333336 0.0390625
6 0.18359375 0.51953125 0.11458333333333333 0.0380859375
4 0.4921875 0.478515625 0.19140625 0.03515625
0 0.8528645833333334 0.2001953125 0.09114583333333333 0.03515625
0 0.35677083333333337 0.189453125 0.09895833333333333 0.03125
0 0.4921875 0.2109375 0.0859375 0.029296875
0 0.6653645833333333 0.2119140625 0.06640625 0.02734375
0 0.75390625 0.1845703125 0.08723958333333333 0.0263671875
0 0.43489583333333337 0.26171875 0.078125 0.0263671875
4 0.6614583333333333 0.427734375 0.1015625 0.025390625
0 0.3125 0.244140625 0.08463541666666667 0.025390625
0 0.27213541666666663 0.1953125 0.0859375 0.0244140625
0 0.22395833333333337 0.2158203125 0.09635416666666667 0.0244140625
0 0.47916666666666663 0.2412109375 0.07942708333333333 0.0244140625
0 0.6263020833333333 0.1875 0.06770833333333333 0.0224609375
0 0.40234375 0.2373046875 0.05859375 0.021484375
0 0.16276041666666663 0.208984375 0.0703125 0.021484375
0 0.390625 0.228515625 0.059895833333333336 0.021484375
0 0.22916666666666663 0.2353515625 0.08072916666666667 0.0205078125
0 0.36067708333333337 0.2138671875 0.06770833333333333 0.0205078125
0 0.12630208333333337 0.34765625 0.032552083333333336 0.0166015625
0 0.1640625 0.3427734375 0.01171875 0.01171875
0 0.0859375 0.34765625 0.010416666666666666 0.0107421875
