4 0.40625 0.6106770833333334 0.1103515625 0.38671875
0 0.3544921875 0.6536458333333334 0.0361328125 0.055989583333333336
0 0.27734375 0.6979166666666666 0.10546875 0.059895833333333336
0 0.662109375 0.5130208333333334 0.03125 0.022135416666666668
0 0.65234375 0.3268229166666667 0.0283203125 0.01953125
0 0.8837890625 0.4270833333333333 0.0390625 0.01953125
0 0.87109375 0.7317708333333334 0.021484375 0.06380208333333333
0 0.8994140625 0.8294270833333334 0.0205078125 0.032552083333333336
0 0.7626953125 0.7473958333333334 0.0185546875 0.015625
0 0.708984375 0.6549479166666666 0.005859375 0.022135416666666668
0 0.86328125 0.6510416666666666 0.03125 0.03515625
0 0.888671875 0.6796875 0.033203125 0.05078125
0 0.2529296875 0.5546875 0.029296875 0.024739583333333332
0 0.73046875 0.35546875 0.0166015625 0.01171875
