2 0.48177083333333337 0.4853515625 0.10546875 0.12109375
2 0.5989583333333333 0.3955078125 0.03515625 0.05859375
2 0.40104166666666663 0.3955078125 0.03515625 0.0546875
2 0.24739583333333337 0.3916015625 0.033854166666666664 0.0517578125
2 0.34895833333333337 0.3642578125 0.040364583333333336 0.0419921875
2 0.04166666666666663 0.380859375 0.028645833333333332 0.041015625
2 0.296875 0.4013671875 0.0546875 0.0400390625
2 0.203125 0.38671875 0.032552083333333336 0.0380859375
2 0.18359375 0.3818359375 0.022135416666666668 0.0341796875
2 0.44140625 0.3857421875 0.022135416666666668 0.02734375
2 0.09635416666666663 0.3916015625 0.0234375 0.021484375
2 0.49088541666666663 0.388671875 0.032552083333333336 0.0361328125
