4 0.30989583333333337 0.5888671875 0.6171875 0.46875
0 0.26432291666666663 0.3271484375 0.15494791666666666 0.0927734375
0 0.68359375 0.87109375 0.23958333333333334 0.0751953125
0 0.12630208333333337 0.9130859375 0.20963541666666666 0.0673828125
4 0.43229166666666663 0.6611328125 0.13671875 0.0615234375
0 0.7473958333333333 0.4677734375 0.20703125 0.0595703125
0 0.05729166666666663 0.3779296875 0.10807291666666667 0.0576171875
0 0.5833333333333333 0.5791015625 0.0546875 0.04296875
4 0.46614583333333337 0.7294921875 0.13802083333333334 0.04296875
0 0.9049479166666666 0.685546875 0.11328125 0.0380859375
0 0.859375 0.498046875 0.044270833333333336 0.0341796875
0 0.6145833333333333 0.568359375 0.09895833333333333 0.0341796875
0 0.7825520833333334 0.5869140625 0.1171875 0.0322265625
0 0.82421875 0.5625 0.11328125 0.0322265625
0 0.70703125 0.5361328125 0.09895833333333333 0.03125
0 0.5169270833333333 0.5625 0.07552083333333333 0.029296875
0 0.7395833333333333 0.5341796875 0.06901041666666667 0.0283203125
0 0.61328125 0.521484375 0.06770833333333333 0.0283203125
0 0.921875 0.5458984375 0.05078125 0.0263671875
0 0.47395833333333337 0.5439453125 0.10677083333333333 0.025390625
0 0.875 0.5439453125 0.057291666666666664 0.0244140625
0 0.7486979166666667 0.505859375 0.04296875 0.0234375
0 0.5885416666666667 0.5048828125 0.059895833333333336 0.021484375
