2 0.34765625 0.4638671875 0.07291666666666667 0.08984375
2 0.9381510416666666 0.6591796875 0.12369791666666667 0.087890625
2 0.7213541666666667 0.435546875 0.057291666666666664 0.07421875
2 0.20833333333333337 0.4697265625 0.059895833333333336 0.0712890625
2 0.6953125 0.435546875 0.03125 0.056640625
2 0.66015625 0.4384765625 0.0390625 0.0478515625
2 0.9114583333333334 0.4462890625 0.0546875 0.0478515625
2 0.8580729166666666 0.447265625 0.04296875 0.044921875
2 0.7877604166666666 0.421875 0.03515625 0.04296875
2 0.6875 0.384765625 0.036458333333333336 0.04296875
2 0.8138020833333334 0.41015625 0.045572916666666664 0.0390625
2 0.9798177083333334 0.4482421875 0.040364583333333336 0.0390625
2 0.4609375 0.7060546875 0.15494791666666666 0.099609375
