0 0.7587890625 0.4270833333333333 0.1767578125 0.3203125
0 0.720703125 0.8515625 0.173828125 0.2942708333333333
0 0.8349609375 0.3333333333333333 0.1982421875 0.24869791666666666
0 0.58203125 0.5234375 0.123046875 0.2265625
0 0.8876953125 0.5494791666666666 0.1416015625 0.22526041666666666
0 0.1064453125 0.4309895833333333 0.2119140625 0.20833333333333334
0 0.859375 0.8958333333333334 0.16015625 0.20572916666666666
0 0.3291015625 0.7083333333333334 0.19921875 0.18229166666666666
0 0.0966796875 0.51171875 0.189453125 0.11848958333333333
0 0.3671875 0.9075520833333334 0.2265625 0.11328125
4 0.2490234375 0.3059895833333333 0.2607421875 0.6119791666666666
