1 0.21354166666666663 0.4306640625 0.22005208333333334 0.125
1 0.7682291666666666 0.69140625 0.09114583333333333 0.0966796875
1 0.6106770833333333 0.5830078125 0.18098958333333334 0.09375
1 0.7513020833333334 0.4267578125 0.25 0.091796875
1 0.7356770833333333 0.8828125 0.16276041666666666 0.08984375
1 0.48307291666666663 0.462890625 0.15494791666666666 0.0869140625
1 0.37760416666666663 0.3935546875 0.11458333333333333 0.080078125
1 0.5729166666666667 0.8271484375 0.11979166666666667 0.0673828125
1 0.9166666666666666 0.9072265625 0.12109375 0.060546875
1 0.8841145833333334 0.9677734375 0.1328125 0.05859375
