0 0.7174479166666667 0.1025390625 0.09375 0.2001953125
4 0.35546875 0.5244140625 0.24479166666666666 0.1357421875
0 0.5533854166666667 0.2060546875 0.15885416666666666 0.134765625
0 0.8450520833333334 0.296875 0.07421875 0.07421875
4 0.7200520833333333 0.603515625 0.1171875 0.0703125
0 0.7630208333333334 0.390625 0.13411458333333334 0.0654296875
4 0.9322916666666666 0.6875 0.12109375 0.064453125
0 0.9609375 0.3935546875 0.055989583333333336 0.064453125
0 0.6770833333333333 0.3544921875 0.16015625 0.0546875
0 0.953125 0.32421875 0.09375 0.052734375
0 0.9127604166666666 0.435546875 0.0546875 0.048828125
0 0.9088541666666666 0.3671875 0.07552083333333333 0.041015625
0 0.7747395833333334 0.279296875 0.06510416666666667 0.033203125
0 0.8059895833333334 0.3076171875 0.06901041666666667 0.0322265625
0 0.8522135416666666 0.08056640625 0.11848958333333333 0.1611328125
