2 0.37760416666666663 0.455078125 0.3372395833333333 0.134765625
2 0.9654947916666666 0.2353515625 0.06901041666666667 0.126953125
2 0.8828125 0.1328125 0.09765625 0.091796875
2 0.1796875 0.1708984375 0.07421875 0.0859375
2 0.48828125 0.1328125 0.053385416666666664 0.0693359375
2 0.9739583333333334 0.13671875 0.048177083333333336 0.068359375
2 0.7877604166666666 0.1357421875 0.049479166666666664 0.056640625
2 0.5455729166666667 0.142578125 0.044270833333333336 0.056640625
2 0.12890625 0.154296875 0.059895833333333336 0.0556640625
2 0.6588541666666667 0.09765625 0.024739583333333332 0.0458984375
2 0.6302083333333333 0.109375 0.033854166666666664 0.0439453125
2 0.53515625 0.0703125 0.0390625 0.0390625
2 0.6966145833333333 0.1494140625 0.06510416666666667 0.0341796875
2 0.36848958333333337 0.140625 0.029947916666666668 0.021484375
