2 0.44791666666666663 0.5595703125 0.11588541666666667 0.09765625
2 0.18619791666666663 0.474609375 0.06380208333333333 0.087890625
2 0.5807291666666667 0.5205078125 0.06901041666666667 0.0830078125
2 0.36458333333333337 0.5107421875 0.032552083333333336 0.0673828125
2 0.26041666666666663 0.470703125 0.059895833333333336 0.0615234375
2 0.31770833333333337 0.4853515625 0.041666666666666664 0.0517578125
2 0.9427083333333334 0.54296875 0.07682291666666667 0.0419921875
2 0.7395833333333333 0.54296875 0.0390625 0.037109375
2 0.08072916666666663 0.490234375 0.02734375 0.0341796875
2 0.90234375 0.4833984375 0.03515625 0.033203125
2 0.03125 0.4990234375 0.037760416666666664 0.03125
2 0.02213541666666663 0.44921875 0.0234375 0.025390625
2 0.8151041666666666 0.4990234375 0.018229166666666668 0.0224609375
