4 0.47526041666666663 0.70703125 0.69140625 0.2314453125
0 0.29166666666666663 0.138671875 0.20052083333333334 0.19140625
0 0.07942708333333337 0.4970703125 0.15755208333333334 0.177734375
0 0.30989583333333337 0.380859375 0.14322916666666666 0.177734375
0 0.8177083333333334 0.2509765625 0.21614583333333334 0.1474609375
0 0.33854166666666663 0.2587890625 0.17057291666666666 0.134765625
4 0.89453125 0.5400390625 0.2109375 0.115234375
0 0.09505208333333337 0.4267578125 0.11848958333333333 0.0966796875
0 0.6770833333333333 0.353515625 0.140625 0.087890625
0 0.46223958333333337 0.345703125 0.10416666666666667 0.0693359375
0 0.3046875 0.42578125 0.16927083333333334 0.0673828125
0 0.5703125 0.369140625 0.049479166666666664 0.0654296875
0 0.6497395833333333 0.625 0.13932291666666666 0.0615234375
4 0.5247395833333333 0.4365234375 0.12239583333333333 0.0546875
0 0.40494791666666663 0.390625 0.1484375 0.052734375
0 0.5859375 0.4775390625 0.12890625 0.05078125
0 0.8502604166666666 0.4482421875 0.07942708333333333 0.044921875
0 0.66015625 0.4404296875 0.09505208333333333 0.041015625
0 0.9700520833333334 0.4482421875 0.059895833333333336 0.0361328125
0 0.8984375 0.4501953125 0.0625 0.0361328125
0 0.7760416666666666 0.4814453125 0.032552083333333336 0.0322265625
0 0.6666666666666667 0.408203125 0.09244791666666667 0.044921875
