4 0.45703125 0.130859375 0.2916666666666667 0.1142578125
4 0.9127604166666666 0.0966796875 0.15755208333333334 0.083984375
6 0.28255208333333337 0.4560546875 0.21875 0.080078125
0 0.271484375 0.03662109375 0.29296875 0.0732421875
6 0.6458333333333333 0.59765625 0.16145833333333334 0.0595703125
0 0.2578125 0.341796875 0.14453125 0.0498046875
0 0.8111979166666666 0.02294921875 0.109375 0.0458984375
0 0.6861979166666667 0.029296875 0.08072916666666667 0.044921875
0 0.5234375 0.431640625 0.20052083333333334 0.0439453125
0 0.8515625 0.31640625 0.14973958333333334 0.0419921875
0 0.5221354166666667 0.044921875 0.07682291666666667 0.0390625
0 0.6041666666666667 0.0810546875 0.08723958333333333 0.0390625
0 0.20963541666666663 0.1064453125 0.11067708333333333 0.037109375
0 0.0390625 0.2275390625 0.052083333333333336 0.0361328125
4 0.20572916666666663 0.169921875 0.07291666666666667 0.0341796875
0 0.11067708333333337 0.107421875 0.09114583333333333 0.033203125
0 0.03515625 0.1044921875 0.06770833333333333 0.0322265625
0 0.43229166666666663 0.201171875 0.03515625 0.0322265625
0 0.07291666666666663 0.1357421875 0.1015625 0.03125
0 0.44010416666666663 0.0537109375 0.049479166666666664 0.03125
4 0.66015625 0.35546875 0.14322916666666666 0.0283203125
0 0.15755208333333337 0.140625 0.08072916666666667 0.02734375
0 0.27083333333333337 0.146484375 0.06640625 0.02734375
0 0.9309895833333334 0.01318359375 0.08854166666666667 0.0263671875
6 0.8229166666666666 0.4150390625 0.11588541666666667 0.025390625
6 0.43619791666666663 0.357421875 0.078125 0.0205078125
0 0.10807291666666663 0.2265625 0.049479166666666664 0.01953125
0 0.01171875 0.2353515625 0.022135416666666668 0.01953125
