0 0.5859375 0.1083984375 0.26171875 0.1357421875
0 0.7421875 0.1533203125 0.16666666666666666 0.1318359375
0 0.80078125 0.2275390625 0.16015625 0.1220703125
0 0.15755208333333337 0.34765625 0.3138020833333333 0.103515625
0 0.8580729166666666 0.0458984375 0.14973958333333334 0.091796875
4 0.5078125 0.5224609375 0.18489583333333334 0.087890625
0 0.8958333333333334 0.2158203125 0.13932291666666666 0.0791015625
0 0.6510416666666667 0.283203125 0.140625 0.0751953125
4 0.28515625 0.5009765625 0.24609375 0.0712890625
0 0.8033854166666666 0.220703125 0.15364583333333334 0.0615234375
0 0.40885416666666663 0.3671875 0.22526041666666666 0.05859375
0 0.9798177083333334 0.2353515625 0.040364583333333336 0.05859375
0 0.17708333333333337 0.240234375 0.1796875 0.0546875
0 0.45833333333333337 0.2685546875 0.17317708333333334 0.0517578125
0 0.39713541666666663 0.2890625 0.16666666666666666 0.0498046875
0 0.10677083333333337 0.3037109375 0.21223958333333334 0.04296875
0 0.6263020833333333 0.298828125 0.20442708333333334 0.0419921875
0 0.12760416666666663 0.2568359375 0.1484375 0.037109375
4 0.10807291666666663 0.5458984375 0.2109375 0.0703125
