2 0.49348958333333337 0.73828125 0.09635416666666667 0.0869140625
2 0.33984375 0.494140625 0.06770833333333333 0.0849609375
2 0.28776041666666663 0.4931640625 0.07291666666666667 0.0830078125
2 0.6614583333333333 0.4677734375 0.0546875 0.0654296875
2 0.1484375 0.5029296875 0.0546875 0.0634765625
2 0.9596354166666666 0.474609375 0.0625 0.05859375
2 0.5807291666666667 0.4677734375 0.0390625 0.044921875
2 0.8489583333333334 0.46484375 0.040364583333333336 0.0439453125
2 0.6393229166666667 0.4619140625 0.01953125 0.04296875
2 0.07421875 0.470703125 0.0390625 0.0419921875
2 0.6080729166666667 0.4638671875 0.022135416666666668 0.0400390625
2 0.8020833333333334 0.4736328125 0.040364583333333336 0.03515625
2 0.6315104166666667 0.408203125 0.024739583333333332 0.0322265625
2 0.7513020833333334 0.4453125 0.057291666666666664 0.021484375
2 0.8391927083333334 0.763671875 0.3216145833333333 0.09765625
