3 0.41927083333333337 0.322265625 0.059895833333333336 0.08984375
3 0.48697916666666663 0.328125 0.055989583333333336 0.0859375
3 0.08854166666666663 0.220703125 0.07552083333333333 0.0810546875
3 0.5755208333333333 0.3271484375 0.0546875 0.0771484375
3 0.625 0.544921875 0.2708333333333333 0.07421875
3 0.40755208333333337 0.2041015625 0.028645833333333332 0.0634765625
3 0.5247395833333333 0.2216796875 0.04296875 0.0625
3 0.8541666666666666 0.2919921875 0.078125 0.0556640625
3 0.44921875 0.2041015625 0.053385416666666664 0.0556640625
3 0.63671875 0.34375 0.0625 0.05078125
3 0.22786458333333337 0.0498046875 0.049479166666666664 0.0419921875
3 0.8932291666666666 0.3623046875 0.07552083333333333 0.0517578125
