0 0.47786458333333337 0.1943359375 0.953125 0.3876953125
0 0.865234375 0.2392578125 0.26953125 0.228515625
0 0.8177083333333334 0.4765625 0.3645833333333333 0.2236328125
4 0.30859375 0.5048828125 0.6158854166666666 0.2041015625
0 0.73046875 0.7412109375 0.3645833333333333 0.1279296875
0 0.6419270833333333 0.5869140625 0.2916666666666667 0.0986328125
0 0.07161458333333337 0.5029296875 0.14192708333333334 0.0810546875
0 0.19010416666666663 0.845703125 0.1953125 0.078125
0 0.19010416666666663 0.58203125 0.07942708333333333 0.06640625
4 0.38541666666666663 0.826171875 0.09895833333333333 0.064453125
0 0.17317708333333337 0.640625 0.1015625 0.0634765625
0 0.35416666666666663 0.6435546875 0.13020833333333334 0.0556640625
0 0.7981770833333334 0.63671875 0.08854166666666667 0.048828125
0 0.962890625 0.9482421875 0.07421875 0.044921875
0 0.47265625 0.6533203125 0.08463541666666667 0.0419921875
0 0.6783854166666667 0.6494140625 0.06901041666666667 0.041015625
0 0.41015625 0.6953125 0.037760416666666664 0.041015625
0 0.5559895833333333 0.6728515625 0.0703125 0.0400390625
0 0.39192708333333337 0.658203125 0.10286458333333333 0.0361328125
0 0.9635416666666666 0.712890625 0.06510416666666667 0.029296875
0 0.56640625 0.6533203125 0.08072916666666667 0.0234375
