6 0.9537760416666666 0.80224609375 0.09244791666666667 0.1044921875
6 0.36588541666666663 0.5205078125 0.23697916666666666 0.099609375
6 0.5885416666666667 0.513671875 0.19661458333333334 0.091796875
4 0.49348958333333337 0.1494140625 0.21484375 0.060546875
6 0.32942708333333337 0.4306640625 0.140625 0.056640625
4 0.6796875 0.236328125 0.15885416666666666 0.0498046875
4 0.1015625 0.2783203125 0.08333333333333333 0.048828125
0 0.37760416666666663 0.044921875 0.11067708333333333 0.0439453125
0 0.35026041666666663 0.029296875 0.10416666666666667 0.041015625
0 0.28385416666666663 0.0283203125 0.11067708333333333 0.0380859375
0 0.17447916666666663 0.0458984375 0.0859375 0.0380859375
0 0.6145833333333333 0.02734375 0.049479166666666664 0.037109375
0 0.26432291666666663 0.078125 0.06640625 0.0302734375
0 0.21614583333333337 0.0126953125 0.07552083333333333 0.025390625
4 0.30859375 0.203125 0.09895833333333333 0.04296875
