6 0.40755208333333337 0.79296875 0.2942708333333333 0.142578125
0 0.22526041666666663 0.6484375 0.19140625 0.09765625
4 0.72265625 0.1591796875 0.25 0.095703125
4 0.3515625 0.236328125 0.25 0.087890625
6 0.876953125 0.10400390625 0.24609375 0.0830078125
0 0.27473958333333337 0.4033203125 0.1171875 0.06640625
0 0.06770833333333337 0.033203125 0.1328125 0.0634765625
0 0.07682291666666663 0.0927734375 0.15234375 0.0556640625
0 0.03515625 0.3837890625 0.06901041666666667 0.0537109375
6 0.09635416666666663 0.544921875 0.12369791666666667 0.0390625
