0 0.8658854166666666 0.2109375 0.09895833333333333 0.080078125
4 0.939453125 0.359375 0.12109375 0.0703125
6 0.34765625 0.51171875 0.18098958333333334 0.0625
4 0.7252604166666667 0.08203125 0.08984375 0.0615234375
4 0.9479166666666666 0.0751953125 0.1015625 0.0615234375
0 0.7734375 0.03125 0.13802083333333334 0.052734375
0 0.49088541666666663 0.07421875 0.046875 0.0498046875
0 0.80859375 0.404296875 0.061197916666666664 0.048828125
6 0.7408854166666667 0.4833984375 0.14453125 0.046875
0 0.6106770833333333 0.0849609375 0.09114583333333333 0.0439453125
0 0.7734375 0.0263671875 0.09765625 0.0400390625
0 0.45963541666666663 0.173828125 0.078125 0.0400390625
0 0.5963541666666667 0.1923828125 0.055989583333333336 0.0390625
0 0.39192708333333337 0.1845703125 0.06510416666666667 0.0390625
0 0.5208333333333333 0.1142578125 0.06901041666666667 0.0380859375
0 0.609375 0.115234375 0.07291666666666667 0.0361328125
0 0.5755208333333333 0.0400390625 0.09895833333333333 0.0341796875
0 0.1875 0.0966796875 0.10807291666666667 0.033203125
0 0.33984375 0.0810546875 0.09765625 0.0322265625
0 0.09114583333333337 0.09765625 0.057291666666666664 0.0322265625
0 0.34505208333333337 0.1435546875 0.09244791666666667 0.0322265625
0 0.5078125 0.0390625 0.06901041666666667 0.03125
0 0.41927083333333337 0.1015625 0.08723958333333333 0.03125
0 0.16927083333333337 0.185546875 0.10416666666666667 0.0302734375
0 0.828125 0.439453125 0.0390625 0.0302734375
0 0.109375 0.1337890625 0.06510416666666667 0.029296875
0 0.26692708333333337 0.1376953125 0.0703125 0.029296875
0 0.22916666666666663 0.1689453125 0.10416666666666667 0.0283203125
0 0.45442708333333337 0.3447265625 0.06510416666666667 0.02734375
0 0.33463541666666663 0.1025390625 0.09765625 0.0234375
